14 0.328 0.604 0.404 0.7919999999999999
14 0.705 0.6 0.382 0.7999999999999999
14 0.808 0.5213333333333333 0.168 0.34933333333333333
14 0.972 0.6666666666666666 0.056 0.496
14 0.935 0.6186666666666667 0.042 0.12266666666666666
14 0.897 0.5146666666666666 0.038 0.12266666666666666
14 0.535 0.45199999999999996 0.082 0.14666666666666667
14 0.128 0.5973333333333333 0.08 0.33066666666666666
14 0.197 0.536 0.08600000000000001 0.23466666666666666
14 0.027 0.5893333333333333 0.05 0.33066666666666666
14 0.069 0.5 0.042 0.072
