10 0.588 0.6719999999999999 0.684 0.656
14 0.543 0.29866666666666664 0.17 0.29333333333333333
14 0.392 0.316 0.1 0.17866666666666667
14 0.23 0.244 0.108 0.10933333333333332
14 0.201 0.6653333333333333 0.358 0.6693333333333333
14 0.272 0.504 0.356 0.5173333333333333
14 0.056 0.33866666666666667 0.092 0.29333333333333333
14 0.608 0.3373333333333333 0.212 0.328
14 0.757 0.3973333333333333 0.17400000000000002 0.36266666666666664
14 0.845 0.5933333333333333 0.31 0.616
14 0.712 0.8013333333333333 0.308 0.3973333333333333
