9 0.061 0.44266666666666665 0.114 0.4373333333333333
9 0.301 0.5253333333333333 0.33 0.4373333333333333
9 0.441 0.728 0.626 0.5333333333333333
14 0.8160000000000001 0.5026666666666666 0.352 0.9946666666666666
14 0.562 0.504 0.24 0.9866666666666666
14 0.355 0.216 0.17 0.35733333333333334
9 0.225 0.29333333333333333 0.17400000000000002 0.35733333333333334
14 0.162 0.2573333333333333 0.092 0.22666666666666666
14 0.61 0.11599999999999999 0.10400000000000001 0.22666666666666666
14 0.664 0.15733333333333333 0.048 0.19733333333333333
