14 0.922 0.6696696696696697 0.07200000000000001 0.36036036036036034
14 0.858 0.5900900900900901 0.04 0.26126126126126126
14 0.89 0.5795795795795796 0.02 0.2222222222222222
14 0.842 0.6171171171171171 0.036000000000000004 0.2552552552552553
14 0.8290000000000001 0.6681681681681682 0.03 0.17117117117117117
14 0.774 0.6351351351351351 0.056 0.32732732732732733
14 0.71 0.6321321321321322 0.1 0.24924924924924924
14 0.021 0.6876876876876877 0.038 0.45645645645645644
14 0.034 0.5315315315315315 0.064 0.4024024024024024
6 0.107 0.521021021021021 0.094 0.1891891891891892
5 0.449 0.44894894894894893 0.63 0.7717717717717718
