14 0.316 0.4013333333333333 0.17200000000000001 0.41333333333333333
14 0.451 0.41466666666666663 0.178 0.34933333333333333
14 0.518 0.5493333333333333 0.224 0.304
14 0.3 0.5653333333333334 0.24 0.288
14 0.14300000000000002 0.44666666666666666 0.198 0.4666666666666667
14 0.879 0.44 0.214 0.4693333333333333
14 0.745 0.5106666666666666 0.134 0.5466666666666666
14 0.639 0.492 0.14200000000000002 0.45599999999999996
8 0.856 0.8039999999999999 0.212 0.39199999999999996
8 0.878 0.8533333333333333 0.244 0.29333333333333333
10 0.384 0.8333333333333333 0.764 0.3333333333333333
